logistic(-3) = 0.04742587317756678
logistic(-1) = 0.2689414213699951
logistic(1) = 0.7310585786300049
logistic(3) = 0.9525741268224334
